% KCL common data format
% Tue Feb  9 15:56:42 UTC 2010
% T.Loridan, King s College London
% DOY Dec YYYY  MM DD HH MM   Wind  RH    Td   dir30   press  rain Tsoil    Kdn    Ea     q      LWdn Flag
% 1    2    3   4  5  6  7     8     9    10    11       12    13   14       15    16     17      18  19
%  -   -    -   -  -  -  -    m/s    %   degC   deg     kPa    mm  degC     W/m2   hPa  kg.kg-1  W.m-2 -
172 172.000 2002 06 21 00 00  3.0  53.5  23.5  162.4   99.28  0.0 -999.0     0.0  15.5  0.00976  382.1 0
172 172.042 2002 06 21 01 00  3.6  59.9  23.0  176.2   99.23  0.0 -999.0     0.0  16.8  0.01061  380.1 0
172 172.083 2002 06 21 02 00  3.2  62.8  23.0  177.3   99.13  0.0 -999.0     0.0  17.6  0.01114  379.3 0
172 172.125 2002 06 21 03 00  2.8  66.3  22.2  163.7   99.06  0.0 -999.0     0.0  17.7  0.01121  373.6 0
172 172.167 2002 06 21 04 00  2.2  70.9  21.4  227.1   99.15  0.0 -999.0     0.0  18.1  0.01141  374.2 0
172 172.208 2002 06 21 05 00  3.1  71.6  21.5  251.6   99.23  0.0 -999.0    58.8  18.3  0.01158  370.1 0
172 172.250 2002 06 21 06 00  4.4  76.6  21.5  278.1   99.30  0.0 -999.0   183.0  19.6  0.01239  372.4 0
172 172.292 2002 06 21 07 00  4.3  77.6  22.0  287.6   99.36  0.0 -999.0   326.9  20.5  0.01293  368.3 0
172 172.333 2002 06 21 08 00  5.5  72.8  22.6  288.8   99.42  0.0 -999.0   481.4  19.9  0.01258  371.0 0
172 172.375 2002 06 21 09 00  5.6  63.2  23.1  301.1   99.47  0.0 -999.0   635.9  17.9  0.01124  366.0 0
172 172.417 2002 06 21 10 00  4.7  63.4  23.4  284.9   99.49  0.0 -999.0   735.2  18.2  0.01148  372.8 0
172 172.458 2002 06 21 11 00  4.3  59.6  24.1  274.8   99.53  0.0 -999.0   821.2  17.9  0.01125  381.5 0
172 172.500 2002 06 21 12 00  4.0  55.4  24.7  271.6   99.53  0.0 -999.0   891.2  17.2  0.01084  384.3 0
172 172.542 2002 06 21 13 00  3.6  54.5  24.8  266.1   99.50  0.0 -999.0   875.8  17.1  0.01073  382.1 0
172 172.583 2002 06 21 14 00  2.6  50.8  24.9  267.2   99.48  0.0 -999.0   804.8  16.0  0.01006  376.7 0
172 172.625 2002 06 21 15 00  3.6  44.7  24.9  276.6   99.47  0.0 -999.0   717.6  14.1  0.00885  363.1 0
172 172.667 2002 06 21 16 00  4.5  39.9  25.2  274.6   99.47  0.0 -999.0   596.0  12.8  0.00803  358.8 0
172 172.708 2002 06 21 17 00  4.0  41.4  25.2  279.8   99.45  0.0 -999.0   434.8  13.3  0.00834  359.5 0
172 172.750 2002 06 21 18 00  2.7  46.6  24.9  306.0   99.40  0.0 -999.0   271.2  14.7  0.00923  360.8 0
172 172.792 2002 06 21 19 00  2.3  49.7  24.2  331.4   99.35  0.0 -999.0   110.1  15.0  0.00945  354.9 0
172 172.833 2002 06 21 20 00  2.3  52.5  22.8  338.5   99.35  0.0 -999.0    16.6  14.6  0.00917  356.1 0
172 172.875 2002 06 21 21 00  2.0  54.1  22.0  327.6   99.39  0.0 -999.0     0.0  14.3  0.00899  361.7 0
172 172.917 2002 06 21 22 00  1.5  53.5  21.8  339.9   99.36  0.0 -999.0     0.0  14.0  0.00879  373.2 0
172 172.958 2002 06 21 23 00  0.9  51.2  21.8  321.3   99.38  0.0 -999.0     0.0  13.4  0.00841  397.4 0